0.58
0.636
0.628
0.8
0.628
0.6
0.444
0.512
0.56
0.676
0.468
0.664
0.936
0.524
0.668
0.496
0.76
0.756
0.464
0.576
0.504
0.412
0.608
0.548
0.452
0.608
0.716
0.512
0.54
0.736
0.784
0.768
0.536
0.508
0.412
0.732
0.484
0.464
0.684
0.732
0.488
0.676
0.492
0.656
0.448
0.728
0.444
0.576
0.532
0.564
0.688
0.452
0.48
0.484
0.568
0.488
0.68
0.496
0.452
0.968
0.52
0.46
0.516
0.612
0.548
0.696
0.736
0.672
0.716
0.72
0.784
0.7
0.64
0.648
0.624
0.672
0.744
0.684
0.54
0.48
0.708
0.596
0.544
0.52
0.492
0.464
0.572
0.508
0.46
0.44
0.64
0.432
0.608
0.656
0.444
0.428
0.428
0.636
0.748
0.68
0.488
0.432
0.444
0.44
0.568
0.8
0.712
0.488
0.444
0.604
0.472
0.672
0.496
0.448
0.456
0.5
0.804
0.508
0.516
0.68
0.552
0.528
0.556
0.708
0.46
0.66
0.68
0.5
0.7
0.704
0.652
0.472
0.432
0.728
0.74
0.516
0.656
0.804
0.452
0.552
0.852
0.764
0.644
0.68
0.544
0.82
0.5
0.5
0.58
0.696
0.568
0.72
0.488
0.416
0.696
0.564
0.484
0.456
0.64
0.536
0.608
0.764
0.632
0.636
0.456
0.476
0.668
0.588
0.488
0.448
0.468
0.6
0.468
0.464
0.468
0.52
0.716
0.72
0.504
0.492
0.56
0.484
0.496
0.6
0.464
0.696
0.616
0.72
0.512
0.484
0.572
0.552
0.476
0.472
0.58
0.44
0.492
0.672
0.672
0.604
0.596
0.824
0.712
0.508
0.448
0.852
0.496
0.512
0.964
0.468
0.448
0.568
0.516
0.568
0.588
0.528
0.504
0.484
0.728
0.644
0.516
0.472
0.696
0.476
0.528
0.508
0.444
0.536
0.628
0.828
0.496
0.484
0.82
0.704
0.7
0.544
0.468
0.444
0.84
0.664
0.76
0.476
0.46
0.524
0.752
0.592
0.796
0.636
0.452
0.54
0.86
0.544
0.7
0.516
0.46
0.52
0.912
0.62
0.504
0.856
0.784
0.444
0.628
0.524
0.572
0.644
0.472
0.664
0.428
0.5
0.456
0.448
0.9
0.512
0.536
0.632
0.464
0.436
0.712
0.476
0.552
0.54
0.456
0.456
0.416
0.588
0.488
0.704
0.728
0.732
0.492
0.488
0.612
0.66
0.68
0.804
0.68
0.44
0.648
0.484
0.62
0.772
0.48
0.444
0.532
0.588
0.5
0.796
0.572
0.544
0.496
0.456
0.456
0.532
0.696
0.464
0.444
0.656
0.804
0.812
0.528
0.48
0.476
0.492
0.672
0.592
0.492
0.72
0.596
0.456
0.664
0.852
0.6
0.632
0.912
0.532
0.692
0.448
0.428
0.708
0.508
0.48
0.752
0.504
0.508
0.592
0.712
0.588
0.78
0.56
0.496
0.496
0.788
0.624
0.816
0.468
0.496
0.448
0.396
0.668
0.46
0.44
0.464
0.68
0.52
0.656
0.484
0.424
0.724
0.616
0.792
0.608
0.616
0.568
0.472
0.932
0.492
0.44
0.464
0.72
0.444
0.412
0.484
0.564
0.456
0.744
0.552
0.444
0.512
0.472
0.548
0.696
0.636
0.44
0.632
0.52
0.544
0.432
0.496
0.456
0.576
0.64
0.444
0.432
0.44
0.672
0.496
0.544
0.508
0.704
0.432
0.792
0.748
0.624
0.556
0.424
0.716
0.568
0.5
0.68
0.472
0.652
0.44
0.404
0.744
0.508
0.688
0.528
0.516
0.472
0.776
0.432
0.476
0.884
0.528
0.66
0.448
0.448
0.528
0.596
0.472
0.608
0.568
0.476
0.644
0.46
0.44
0.452
0.548
0.492
1.12
0.504
0.484
0.472
0.448
0.508
0.672
0.464
0.508
0.476
0.464
0.624
0.688
0.516
0.468
0.676
0.512
0.432
0.692
0.508
0.688
0.768
0.684
0.496
0.448
0.496
0.532
0.62
0.836
0.656
0.568
0.42
0.608
0.732
0.672
0.46
0.44
0.612
0.484
0.624
0.52
0.52
0.472
0.484
0.612
0.436
0.58
0.656
1.032
0.532
0.476
0.46
0.856
0.856
0.68
0.444
0.62
0.86
0.448
0.72
0.68
0.576
0.824
0.548
0.488
0.564
0.704
0.804
0.456
0.484
0.712
0.484
0.496
0.468
0.856
0.572
0.416
0.44
0.44
0.68
0.612
0.812
0.776
0.516
0.504
0.716
0.612
0.572
0.708
0.56
0.592
0.572
0.444
0.424
0.556
0.756
0.496
0.488
0.416
0.5
0.488
0.768
0.472
0.428
0.768
0.504
0.52
0.684
0.44
0.668
0.448
0.416
0.432
0.728
0.492
0.544
0.44
0.412
0.56
0.644
0.432
0.424
0.596
0.472
0.424
0.416
0.936
0.58
0.852
0.504
0.616
0.86
0.536
0.432
0.5
0.772
0.536
0.584
0.452
0.48
0.452
0.556
0.412
0.78
0.756
0.552
0.496
0.48
0.484
0.616
0.428
0.736
0.768
0.776
0.616
0.776
0.568
0.432
0.8
0.812
0.472
0.62
0.552
0.456
0.708
0.62
0.64
0.46
0.44
0.688
0.636
0.76
0.464
0.86
0.48
0.816
0.728
0.704
0.468
0.452
0.516
0.592
0.44
0.488
0.66
0.496
0.82
0.688
0.488
0.772
0.46
0.62
0.54
0.564
0.48
0.68
0.556
0.476
0.448
0.608
0.616
0.684
0.828
0.84
0.816
0.684
0.5
0.708
0.48
0.472
0.644
0.468
0.816
0.484
0.68
0.496
0.72
0.492
0.692
0.516
0.48
0.82
0.712
0.492
0.684
0.46
0.468
0.548
0.636
0.464
0.696
0.68
0.548
0.488
0.78
0.744
0.632
0.552
0.672
0.596
0.468
0.484
0.612
0.856
0.46
0.76
0.508
0.712
0.464
0.516
0.672
1.004
0.632
0.46
0.448
0.62
1.496
0.68
1.404
0.564
1.22
0.684
1.172
0.832
0.828
0.852
0.868
0.88
0.892
0.868
0.892
0.9
0.88
0.86
0.848
0.872
0.88
0.852
0.824
0.856
0.868
0.852
0.84
0.812
0.808
0.864
0.892
0.764
0.832
0.904
0.856
0.848
0.856
0.876
0.888
0.908
0.84
0.88
0.884
0.968
0.856
0.868
0.92
0.908
0.884
0.932
0.868
0.904
0.868
0.9
0.904
0.848
0.972
0.912
0.892
0.864
0.904
0.452
0.52
0.572
0.608
0.668
0.448
0.476
0.68
0.476
0.812
0.648
0.472
0.56
0.656
0.48
0.5
0.436
0.744
0.868
0.56
0.464
0.532
0.636
0.708
0.82
0.576
0.892
0.48
0.632
0.856
0.508
0.496
0.712
0.784
0.596
0.592
0.708
0.628
0.78
0.54
0.664
0.532
0.432
0.476
0.764
0.564
0.552
0.468
0.488
0.696
0.432
0.652
0.808
0.708
0.552
0.504
0.5
0.436
0.508
0.696
0.724
0.524
0.488
0.88
0.64
0.612
0.712
0.5
0.968
0.96
0.724
0.524
0.692
0.592
0.576
0.684
0.524
0.54
0.576
0.712
0.824
0.732
0.736
0.82
0.944
0.716
0.464
0.632
0.732
0.576
0.468
0.74
0.604
0.572
0.644
1.076
0.584
0.54
0.732
0.848
0.652
0.652
0.516
0.5
0.588
0.736
0.504
0.452
0.532
0.504
0.856
0.8
0.484
0.492
0.684
0.648
0.644
0.564
0.72
0.832
0.72
0.664
0.58
0.728
0.784
0.496
0.644
0.524
0.536
0.58
0.552
0.576
0.472
0.452
0.664
0.668
0.848
0.516
0.512
0.464
0.504
0.472
0.608
0.492
0.908
0.852
0.476
0.464
0.484
0.78
0.516
0.496
0.456
0.452
0.592
0.624
0.524
0.58
0.556
0.648
0.62
0.888
0.512
0.632
0.492
0.536
0.512
0.468
0.668
0.772
0.716
0.748
0.732
0.5
0.624
0.5
0.52
0.684
0.468
0.464
0.628
0.66
0.676
0.592
0.6
1.028
0.716
0.848
0.54
0.708
0.896
0.472
0.868
0.504
0.752
0.524
0.712
0.784
0.5
0.536
0.68
0.508
0.476
0.76
0.528
0.72
0.536
0.572
0.72
0.644
0.504
0.552
0.464
0.452
0.656
0.752
0.476
0.556
0.464
0.968
0.596
0.564
0.732
0.82
0.536
0.752
0.56
0.492
0.64
0.704
0.82
0.492
0.692
0.512
0.516
0.756
0.728
0.628
0.604
0.796
0.632
0.552
0.596
0.524
0.624
0.516
0.66
0.872
0.856
0.716
0.612
1.032
0.684
0.864
0.568
0.804
0.58
0.664
0.652
0.56
0.652
0.504
0.576
0.728
0.52
0.748
0.732
0.576
0.688
0.504
0.768
0.76
1.096
0.804
0.652
0.692
0.956
0.904
0.596
0.592
0.46
0.84
0.676
0.72
0.464
0.784
0.496
1.024
0.548
0.504
0.848
1.188
0.508
0.48
0.472
0.66
0.684
0.66
0.724
0.532
0.904
0.512
0.648
0.516
0.6
0.54
0.692
0.488
0.664
0.532
0.456
0.644
0.752
0.708
1.04
0.528
0.468
0.812
0.656
0.592
0.74
0.588
0.532
0.74
0.688
0.784
0.696
0.776
1.016
0.828
0.796
0.508
0.496
0.608
0.548
0.76
0.584
0.52
0.748
0.812
0.472
0.748
0.528
0.668
0.66
0.972
0.632
0.512
0.864
0.488
0.512
0.66
0.448
0.832
0.536
0.652
0.532
0.584
0.5
0.432
0.72
0.752
0.492
0.64
0.684
0.664
0.62
0.644
0.528
0.552
0.828
0.532
0.952
0.62
0.716
0.732
0.604
0.748
0.484
0.708
0.6
0.516
0.7
0.676
0.52
0.492
0.472
0.664
0.936
0.928
0.708
0.54
0.696
0.672
0.476
0.644
0.452
0.472
0.872
0.524
0.664
0.772
0.884
0.796
0.8
0.764
0.832
0.596
0.808
0.616
0.588
0.62
0.672
0.46
0.836
0.496
0.596
0.48
0.764
0.492
0.576
0.588
0.472
0.472
0.752
0.64
0.856
0.92
0.516
0.772
0.852
0.788
0.66
0.744
0.632
0.46
0.74
0.768
0.46
0.46
0.704
0.756
0.812
0.74
0.708
0.66
0.56
0.84
0.728
0.52
0.824
0.884
0.872
0.888
0.508
0.516
0.784
0.836
0.588
0.98
1.016
0.488
0.652
0.8
0.62
0.556
0.784
0.516
0.576
0.484
0.58
0.676
0.708
0.756
0.66
0.588
0.712
0.516
0.892
0.588
0.8
0.732
0.708
0.584
0.628
0.476
0.564
0.944
0.504
0.664
0.716
0.464
0.428
0.468
0.504
0.484
0.496
0.736
0.696
1.0
0.968
0.572
0.904
0.544
0.884
0.696
0.612
1.056
0.7
0.58
0.544
0.624
0.644
0.6
0.728
0.56
0.816
0.688
0.644
0.456
0.736
0.96
0.788
0.552
0.876
0.828
0.7
0.652
0.516
0.476
0.496
0.476
0.812
0.68
0.728
0.68
0.488
0.728
0.5
0.744
0.636
0.536
0.84
0.488
0.736
0.752
0.792
0.828
0.796
0.584
0.5
0.456
0.748
0.468
0.708
0.504
0.74
0.58
1.004
0.652
0.864
1.008
0.608
0.9
0.628
0.584
0.704
0.564
0.648
0.836
0.632
0.472
0.812
0.74
0.484
0.788
0.712
0.588
0.536
0.6
0.752
0.82
0.504
0.444
0.656
0.812
0.78
0.72
0.468
1.056
0.556
0.48
0.652
0.464
0.452
0.724
0.796
0.548
0.572
0.468
0.748
0.636
0.468
0.796
1.004
0.648
0.52
0.496
0.644
0.516
0.456
0.724
0.624
0.756
0.804
0.72
0.568
0.516
0.688
0.56
0.76
0.524
0.652
0.668
0.552
0.656
0.784
0.56
0.724
0.732
0.628
0.924
0.796
0.652
0.644
0.528
0.48
0.72
0.74
0.704
0.472
0.748
0.748
0.552
0.836
0.764
0.544
0.556
0.744
0.524
0.684
0.74
0.464
0.716
0.552
0.736
0.548
0.632
0.48
0.88
0.708
0.632
0.564
0.56
0.876
0.684
0.724
0.852
0.524
0.544
0.548
0.7
0.68
0.764
0.812
0.476
0.484
0.836
0.88
0.508
0.46
0.444
0.456
0.468
0.468
0.48
0.476
0.476
0.472
0.472
0.472
0.472
0.464
0.468
0.476
0.484
0.476
0.476
0.476
0.468
0.468
0.716
0.668
0.516
0.476
0.724
0.648
0.488
0.468
0.472
0.48
0.48
0.48
0.468
0.464
0.448
0.496
0.468
0.476
0.64
0.52
0.464
0.46
0.46
0.452
0.46
0.472
0.476
0.468
0.468
0.464
0.472
0.46
0.46
0.468
0.472
0.476
0.476
0.468
0.464
0.464
0.464
0.456
0.556
0.876
0.552
0.512
0.588
0.516
0.848
0.548
0.784
0.764
0.728
0.54
0.492
0.68
0.808
0.74
0.496
0.66
1.084
1.028
0.692
0.52
0.624
0.7
0.76
0.488
0.596
0.556
0.568
0.712
0.716
1.004
0.576
0.772
0.768
0.516
0.7
0.744
0.736
0.772
0.7
0.7
0.488
0.552
0.712
0.552
0.744
0.836
0.776
0.716
0.708
0.52
0.484
0.772
0.624
0.712
0.604
0.46
0.736
0.5
0.976
0.852
0.76
0.708
0.464
0.488
0.624
0.832
0.656
0.796
0.464
0.708
0.544
0.672
0.74
0.68
0.776
0.704
0.824
0.484
0.452
0.452
0.624
0.676
0.74
0.812
0.832
0.604
0.596
0.748
0.88
0.532
0.532
0.472
0.468
0.488
0.576
0.692
0.54
0.672
0.888
0.476
0.88
0.88
0.62
0.508
0.716
1.008
0.592
0.892
0.776
0.62
0.716
0.728
0.528
0.824
0.636
0.708
0.452
0.724
0.852
0.564
0.484
0.632
0.672
0.528
0.764
0.608
0.744
0.5
0.44
0.552
0.576
0.7
0.652
0.652
0.692
0.48
0.652
0.48
0.66
0.748
0.504
0.632
0.732
0.492
0.74
0.844
0.756
0.752
0.552
0.524
0.6
0.496
0.676
0.512
0.904
0.7
0.684
0.524
0.524
0.492
0.6
0.484
0.484
0.768
0.548
0.552
0.64
0.968
0.732
0.732
0.796
0.62
0.764
0.524
0.484
0.692
0.832
0.628
0.496
0.928
0.492
0.656
0.564
0.724
0.64
0.524
0.732
0.672
0.476
0.744
0.556
1.112
0.504
0.572
0.524
0.488
0.472
0.488
0.54
0.46
0.444
0.74
0.676
0.588
0.484
0.732
0.428
0.928
0.692
0.504
0.512
0.504
0.452
0.592
0.676
0.872
0.508
0.476
0.736
1.152
1.088
1.02
1.064
1.108
0.988
0.972
0.984
0.544
1.184
1.056
0.932
1.004
1.068
0.968
0.92
1.012
1.044
0.916
0.968
1.0
0.956
1.044
0.984
0.984
1.064
0.92
0.952
1.012
1.088
0.9
0.952
0.98
0.984
0.98
0.968
0.96
1.004
1.004
0.464
0.576
0.808
0.712
0.688
0.944
0.492
0.568
0.452
0.656
0.508
0.476
0.44
0.524
0.532
0.448
0.724
0.584
0.552
0.504
0.724
0.776
0.492
0.736
0.668
0.688
0.68
0.776
0.472
0.468
0.68
0.484
0.496
0.636
0.548
0.5
0.916
0.636
0.808
0.7
0.528
0.488
0.752
0.588
0.68
0.66
0.68
0.52
0.7
0.528
0.948
0.488
0.44
0.684
0.684
0.604
0.456
0.492
0.66
0.6
0.584
0.724
0.496
0.748
0.704
0.632
0.736
0.616
0.484
0.492
0.74
0.48
0.7
0.636
0.704
0.48
0.888
0.516
0.792
0.56
0.692
0.756
0.644
0.472
0.62
0.752
0.608
0.608
0.548
0.788
0.776
0.52
0.576
0.692
0.848
0.74
0.476
0.724
0.644
0.676
0.668
0.524
0.856
0.728
0.72
0.82
0.56
0.844
0.48
0.712
0.7
0.532
0.688
0.48
0.844
0.524
0.856
0.58
0.544
0.764
0.736
0.576
0.588
0.476
0.656
0.788
0.492
0.476
0.472
0.644
0.696
0.528
0.724
0.792
0.512
0.628
0.564
0.516
0.776
0.76
0.7
0.628
0.556
0.776
0.492
0.54
0.88
0.748
0.728
0.5
0.76
0.588
0.796
0.724
0.552
0.744
0.8
0.676
0.724
0.464
0.612
0.736
0.496
0.688
0.78
0.744
0.492
0.52
0.556
0.948
0.544
0.772
0.548
0.572
0.544
0.712
0.552
0.492
0.652
0.548
0.668
0.732
0.556
0.484
0.6
0.532
0.684
0.536
0.756
0.904
0.8
0.728
0.468
0.984
0.712
0.624
0.664
0.712
0.476
0.684
0.76
0.636
0.648
0.632
0.568
0.6
0.516
0.688
0.604
0.884
0.776
0.752
0.676
0.564
0.568
0.752
0.6
0.708
0.984
0.556
0.676
0.488
0.46
0.584
0.828
0.816
0.564
0.56
0.508
0.676
0.572
0.752
0.94
0.724
0.508
0.752
0.608
0.696
0.804
0.664
0.66
0.632
0.476
0.624
0.548
0.48
0.52
0.608
1.004
0.484
0.808
0.592
0.648
0.656
0.852
0.496
0.652
0.708
0.452
0.668
0.772
0.488
0.976
0.58
0.932
0.852
0.748
0.5
0.568
0.696
0.516
0.564
0.968
0.54
0.704
0.748
0.544
0.808
0.584
0.52
0.516
0.748
0.712
0.512
0.748
0.548
0.624
0.572
0.516
0.648
0.504
0.72
0.472
0.888
0.544
0.52
0.452
0.668
0.556
0.824
0.7
0.5
0.764
0.704
0.68
0.824
0.552
0.672
0.82
0.612
0.464
0.824
0.72
0.768
0.5
0.612
0.768
0.68
0.6
0.62
0.696
0.496
0.9
0.496
0.632
0.764
0.756
0.476
0.592
0.7
0.744
0.716
0.484
0.752
0.492
0.532
0.808
0.92
0.628
0.596
0.472
0.516
0.476
0.996
0.656
0.644
0.508
0.592
0.472
0.672
0.596
0.72
0.832
0.496
0.732
0.552
0.596
0.536
0.52
0.496
0.556
0.88
0.532
0.756
0.528
0.56
1.044
0.496
0.608
0.848
0.872
0.516
0.444
0.468
0.956
0.508
0.72
0.712
0.5
0.452
0.472
0.772
0.688
0.512
0.656
0.772
0.668
0.732
0.764
0.78
0.528
0.756
0.836
0.516
0.468
0.64
0.464
0.428
0.5
0.956
0.796
0.544
0.476
0.688
0.732
0.528
0.724
0.532
0.484
0.644
0.528
0.472
0.588
0.66
0.516
0.58
0.852
0.624
0.616
0.7
0.74
0.792
0.64
0.472
0.664
0.588
0.544
0.724
0.528
0.924
0.504
0.708
0.468
0.556
0.752
0.548
0.444
0.496
0.496
0.468
0.896
0.612
0.452
0.768
0.576
0.708
0.528
0.504
0.456
0.62
0.716
0.88
0.612
0.548
0.516
0.584
0.532
0.572
0.476
1.14
0.584
0.496
0.472
0.684
0.628
0.48
0.592
0.46
0.536
0.468
0.46
0.504
0.472
0.508
0.896
0.572
0.66
0.46
0.88
0.64
0.844
0.784
0.584
0.488
0.476
0.492
0.456
0.792
0.704
0.508
0.716
0.756
0.52
0.48
0.888
0.688
0.48
0.724
0.66
0.616
0.476
0.704
0.628
0.528
0.48
1.044
0.852
0.712
0.72
0.724
0.544
0.536
0.488
0.604
0.528
0.896
0.464
0.788
0.56
0.532
0.7
0.492
0.92
0.852
0.544
0.508
0.7
0.636
0.504
0.704
0.836
0.556
0.712
0.664
0.52
0.796
0.96
0.856
0.792
0.568
0.476
0.708
0.54
0.668
0.744
0.488
0.708
0.792
0.536
0.484
0.78
0.58
0.64
0.556
0.564
0.732
0.476
1.068
0.488
0.728
0.532
0.5
0.484
0.72
0.572
0.8
0.688
0.684
0.664
0.456
0.5
0.456
0.504
0.464
0.816
0.632
0.72
0.5
0.732
0.484
0.78
0.564
0.468
1.012
0.588
0.688
0.464
0.684
0.488
0.428
0.452
0.752
0.948
0.824
0.492
0.624
0.664
0.544
0.7
0.604
0.444
0.504
0.756
0.572
0.532
0.708
0.816
0.644
0.608
0.644
0.66
0.516
0.616
0.94
0.676
0.988
0.98
0.484
0.484
0.5
0.796
0.6
0.464
0.648
0.672
0.68
0.504
0.748
0.684
0.672
0.784
0.556
0.54
0.708
0.828
0.884
0.536
0.552
0.532
0.668
0.528
0.664
0.48
0.64
0.712
0.576
0.684
0.7
0.488
0.736
0.592
0.904
0.588
0.952
0.628
0.492
0.784
0.528
0.52
0.468
0.46
0.548
0.668
0.748
0.756
1.02
0.548
0.908
0.748
0.512
0.724
0.512
0.804
0.728
0.584
0.56
0.524
0.632
0.732
0.824
0.556
0.636
0.476
0.704
0.468
0.54
0.948
0.728
0.804
0.512
0.548
0.584
0.736
0.84
0.456
0.624
0.48
0.58
0.792
0.616
0.688
1.016
0.856
0.536
0.752
0.804
0.652
0.56
0.492
0.74
0.648
0.996
0.84
0.48
0.524
0.46
0.788
0.744
0.76
0.536
0.552
0.72
0.684
0.864
0.688
0.548
0.496
0.656
0.668
0.512
0.616
0.728
0.432
0.404
0.608
0.66
0.452
0.496
0.516
0.704
0.484
0.648
0.756
0.556
0.444
0.576
0.56
0.54
0.512
0.76
0.48
0.596
0.736
0.744
0.58
0.792
0.444
0.62
0.616
0.544
0.516
0.688
0.644
0.708
0.432
0.508
0.516
0.436
0.448
0.752
0.504
0.596
0.5
0.82
0.636
0.528
0.444
0.624
0.756
0.664
0.56
0.468
0.688
0.468
0.428
0.676
0.524
0.444
0.512
0.58
0.508
0.692
0.532
0.636
0.5
0.54
0.448
0.756
0.532
0.612
0.676
0.62
0.5
0.48
0.484
0.48
0.432
0.536
0.604
0.468
0.416
0.416
0.76
0.452
0.416
0.492
0.536
0.64
0.584
0.572
0.604
0.444
0.412
0.696
0.58
0.76
0.768
0.684
0.632
0.54
0.684
0.576
0.864
0.756
0.48
0.736
0.488
0.612
0.672
0.716
0.548
0.56
0.456
0.612
0.548
0.456
0.588
0.716
0.448
0.468
0.528
0.66
0.468
0.444
0.512
0.568
0.516
0.488
0.784
0.584
0.736
0.496
0.548
0.684
0.76
0.596
0.644
0.472
0.548
0.444
0.444
0.744
0.64
0.492
0.456
0.696
0.836
0.688
0.528
0.496
0.692
0.588
0.464
0.792
0.608
0.456
0.48
0.656
0.672
0.484
0.428
0.696
0.636
0.78
0.568
0.804
0.484
0.428
0.712
0.492
0.448
0.524
0.536
0.676
0.452
0.82
0.756
0.908
0.524
0.584
0.44
0.776
0.636
0.488
0.512
0.732
0.876
0.752
0.7
0.724
0.552
0.596
0.816
0.524
0.728
0.692
0.476
0.524
0.46
0.44
0.66
0.64
0.828
0.496
0.544
0.696
0.484
0.732
0.504
0.5
0.58
0.808
0.512
0.464
0.484
0.672
0.62
0.516
0.56
0.724
0.812
0.516
0.556
0.468
0.568
0.472
0.54
0.552
0.6
0.492
0.836
0.44
0.688
0.668
0.744
0.588
0.88
0.564
0.492
0.692
0.528
0.588
0.776
0.552
0.476
0.82
0.54
0.464
0.612
0.7
0.6
0.72
0.552
0.468
0.716
0.484
0.716
0.768
0.444
0.42
0.58
0.556
0.732
0.492
0.836
0.776
0.476
0.456
0.456
0.664
0.78
0.62
0.796
0.632
0.556
0.464
0.628
0.548
0.788
0.644
0.568
0.472
0.52
0.62
0.504
0.452
0.448
0.476
0.492
0.548
0.448
0.408
0.5
0.436
0.716
0.568
0.54
0.672
0.524
0.468
0.484
0.54
0.672
0.524
0.476
0.784
0.472
0.72
0.476
0.752
0.6
0.496
0.484
0.776
0.724
0.708
0.468
0.516
0.476
0.464
0.72
0.512
0.484
0.608
0.64
0.728
0.536
0.524
0.496
0.46
0.728
0.508
0.468
0.572
0.468
0.716
0.532
0.54
0.5
0.48
0.532
0.404
0.736
0.608
0.724
0.652
0.568
0.824
0.624
0.644
0.484
0.54
0.72
0.492
0.452
0.452
0.616
0.66
0.528
0.536
0.544
0.452
0.628
0.792
0.48
0.456
0.612
0.496
0.464
0.592
0.592
0.728
0.476
0.46
0.48
0.576
0.46
0.416
0.448
0.744
0.54
0.528
0.592
0.588
0.44
0.872
0.756
0.644
0.592
0.452
0.436
0.436
0.504
0.672
0.804
0.484
0.396
0.476
0.396
0.4
0.428
0.604
0.712
0.604
0.636
0.5
0.48
0.46
0.78
0.768
0.468
0.744
0.708
0.48
0.492
0.508
0.544
0.732
0.548
0.2
0.272
0.612
0.58
0.984
0.672
0.56
0.444
0.492
0.732
0.584
0.732
0.484
0.536
0.652
0.624
0.572
0.484
0.424
0.812
0.464
0.436
0.512
0.42
0.416
0.692
0.464
0.6
0.724
0.588
0.42
0.804
0.72
0.684
0.64
0.652
0.588
0.664
0.524
0.484
0.456
0.492
0.64
0.436
0.428
0.912
0.62
0.528
0.604
0.464
0.46
0.86
0.744
0.476
0.608
0.448
0.432
0.596
0.732
0.524
0.464
0.444
0.644
0.516
0.692
0.748
0.468
0.916
0.764
0.48
0.516
0.524
0.552
0.76
0.584
0.52
0.816
0.476
0.764
0.776
0.52
0.476
0.588
0.428
0.612
0.728
0.452
0.456
0.592
0.692
0.444
0.704
0.572
0.704
0.748
0.884
0.496
0.628
0.444
0.428
0.676
0.72
0.54
0.688
0.5
0.652
0.516
0.524
0.8
0.46
0.436
0.608
0.844
0.464
0.46
0.468
0.452
0.62
0.476
0.724
0.492
0.82
0.516
0.476
0.532
0.52
0.648
0.612
0.472
0.608
0.516
0.812
0.7
0.432
0.604
0.672
0.64
0.472
0.464
0.612
0.428
0.452
0.656
0.468
0.832
0.652
0.564
0.64
0.488
0.492
0.536
0.496
0.784
0.8
0.488
0.676
0.772
0.928
0.748
0.532
0.604
0.92
0.596
0.444
0.428
0.464
0.464
0.96
0.596
0.624
0.644
0.972
0.812
0.692
0.512
0.72
0.572
0.5
0.452
0.66
0.596
0.532
0.684
0.556
0.712
0.78
0.84
0.532
0.488
0.484
0.436
0.784
0.864
0.48
0.456
0.416
0.568
0.6
0.516
0.556
0.732
0.508
0.456
0.62
0.404
0.504
0.588
0.612
0.56
0.588
0.444
0.416
0.564
0.704
0.528
0.46
0.436
0.436
0.736
0.584
0.416
0.608
0.488
0.488
0.448
0.46
0.692
0.628
0.7
0.76
0.636
0.632
0.496
0.512
0.552
0.552
0.624
0.888
0.52
0.692
0.452
0.412
0.748
0.464
0.432
0.72
0.488
0.568
0.528
0.608
0.664
0.724
0.516
0.68
0.496
0.592
0.792
0.872
0.568
0.836
0.508
0.684
0.64
0.524
0.512
0.64
0.676
0.692
0.86
0.496
0.752
0.528
0.456
0.676
0.616
0.512
0.428
0.44
0.648
0.552
0.688
0.804
0.476
0.804
0.512
0.472
0.628
0.448
0.796
0.54
0.624
0.476
0.52
0.504
0.696
0.692
0.444
0.44
0.452
0.476
0.456
0.556
0.456
0.528
0.472
0.684
0.648
0.672
0.58
0.628
0.608
0.752
0.456
0.54
0.46
0.672
0.508
0.656
0.5
0.564
0.456
0.516
0.616
0.612
0.644
0.628
0.548
0.668
0.688
0.46
0.952
0.544
0.612
0.528
0.452
0.444
0.7
0.428
0.416
0.688
0.46
0.696
0.48
0.452
0.544
0.692
0.704
0.532
0.504
0.784
0.552
0.592
0.72
0.712
0.784
0.788
0.736
0.512
0.44
0.536
0.64
0.684
0.492
0.428
0.436
0.584
0.848
0.712
0.484
0.652
0.58
0.584
0.492
0.44
0.688
0.688
0.572
0.548
0.5
0.584
0.5
0.536
0.52
0.576
0.532
0.536
0.76
0.484
0.668
0.472
0.536
0.572
0.5
0.476
0.468
0.72
0.62
0.52
0.632
0.492
0.848
0.488
0.628
0.464
0.424
0.432
0.552
0.5
0.592
0.544
1.096
0.596
0.552
0.488
0.468
0.756
0.952
0.748
0.488
0.704
0.664
0.48
0.464
0.608
0.636
0.704
0.784
0.508
0.6
0.832
0.556
0.532
0.756
0.64
0.908
0.508
0.44
0.652
0.88
0.604
0.504
0.668
0.8
0.58
0.564
0.5
0.452
0.468
0.436
0.896
0.564
0.884
0.436
0.42
0.588
0.72
0.492
0.476
0.616
0.592
0.524
0.496
0.7
0.74
0.48
0.468
0.608
0.852
0.664
0.484
0.508
0.496
0.616
0.512
0.704
0.456
0.476
0.584
0.488
0.512
0.66
0.46
0.544
0.488
0.452
0.42
0.412
0.68
0.448
0.396
0.576
0.72
0.536
0.456
0.808
0.444
0.644
0.672
0.68
0.472
0.78
0.52
0.436
0.792
0.7
0.612
0.696
0.524
0.612
0.484
0.532
0.788
0.564
0.552
0.572
0.432
0.44
0.428
0.7
0.652
0.896
0.484
0.776
0.656
0.736
0.464
0.428
0.796
0.712
0.74
0.54
0.504
0.48
0.676
0.548
0.636
0.448
0.684
0.724
0.728
0.76
0.568
0.552
0.5
0.572
0.452
0.436
0.484
0.644
0.5
0.464
0.444
0.488
0.68
0.6
0.58
0.448
0.632
0.64
0.712
0.596
0.424
0.548
0.472
0.572
0.432
0.624
0.476
0.448
0.548
0.56
0.476
0.84
0.64
0.492
0.72
0.504
0.684
0.512
0.572
0.512
0.632
0.524
0.44
0.556
0.708
0.584
0.54
0.62
0.676
0.52
0.472
0.46
0.484
0.568
0.656
0.76
0.5
0.668
0.484
0.444
0.668
0.452
0.464
0.448
0.708
0.724
0.64
0.508
0.536
0.812
0.52
0.5
0.64
0.476
0.696
0.656
0.832
0.708
0.488
0.716
0.504
0.576
0.82
0.436
0.456
0.424
0.448
0.748
0.668
0.584
0.68
0.576
0.66
0.516
0.676
0.768
0.504
0.448
0.432
0.424
0.436
0.496
0.636
0.74
0.448
0.772
0.508
0.78
0.504
0.648
0.484
0.78
0.444
0.52
0.632
0.508
0.508
0.476
0.496
0.804
0.776
0.472
0.712
0.62
0.632
0.7
0.54
0.78
0.476
0.692
0.72
0.52
0.5
0.456
0.828
0.528
0.484
0.72
0.52
0.6
0.732
0.5
0.488
0.524
1.024
0.484
0.48
0.456
0.432
0.712
0.872
0.52
0.924
0.76
0.712
0.5
0.656
0.492
0.428
0.468
0.504
0.792
0.452
0.48
0.476
0.44
0.804
0.572
0.532
0.756
1.032
0.72
0.488
0.656
0.432
0.696
0.536
0.64
0.536
0.68
0.504
0.464
0.44
0.684
0.684
0.456
0.42
0.472
0.636
0.48
0.432
0.652
0.508
0.556
0.612
0.48
0.456
0.632
0.508
0.644
0.736
0.908
0.728
0.464
0.676
0.74
0.512
0.676
0.524
0.576
0.7
0.5
0.476
0.5
0.7
0.512
0.548
0.552
0.72
0.452
0.432
0.488
0.512
0.46
0.756
0.504
0.436
0.504
0.564
0.8
0.588
0.576
0.68
0.448
0.508
0.488
0.788
0.524
1.104
0.472
0.416
0.492
0.728
0.512
0.456
0.468
0.764
0.6
0.504
0.632
0.684
0.528
0.448
0.78
0.58
0.644
0.452
0.456
0.796
0.512
0.608
0.484
1.064
0.46
0.776
0.6
0.772
0.768
0.94
0.488
0.444
0.46
0.552
0.872
0.56
0.452
0.588
0.484
0.608
0.452
0.576
0.68
0.516
0.44
0.416
0.432
0.66
0.436
0.588
0.892
0.656
0.436
0.664
0.772
0.528
0.636
0.612
0.412
0.428
0.756
0.568
0.504
0.464
0.768
0.596
0.656
0.664
0.7
0.544
0.468
0.488
0.832
0.516
0.492
0.652
0.52
0.492
0.444
0.436
0.448
0.572
0.464
0.58
0.64
0.64
0.444
0.432
0.616
0.628
0.692
0.504
0.472
0.488
0.64
0.452
0.576
0.672
0.496
0.472
0.72
0.432
0.74
0.452
0.768
0.508
0.644
0.804
0.872
0.468
0.576
0.636
0.56
0.44
0.444
0.532
0.452
0.48
0.668
0.492
0.616
0.512
0.632
0.48
0.492
0.448
0.74
0.508
0.46
0.472
0.464
0.424
0.728
0.464
0.472
0.732
0.492
0.492
0.528
0.512
0.436
0.672
0.524
0.596
0.456
0.436
0.432
0.46
0.544
0.492
0.496
0.732
0.62
0.692
0.476
0.46
0.48
0.464
0.484
0.632
0.612
0.572
0.656
0.496
0.444
0.828
0.496
0.56
0.568
0.656
0.688
0.468
0.448
0.424
0.6
0.552
0.6
0.696
0.464
0.464
0.604
0.496
0.7
0.62
0.492
0.596
0.508
0.684
0.504
0.552
0.592
0.44
0.532
0.736
0.76
0.984
0.556
0.432
0.432
0.884
0.688
0.496
0.556
0.496
0.68
0.488
0.448
0.524
0.828
0.792
0.464
0.796
0.768
0.508
0.572
0.516
0.616
0.524
0.464
0.512
0.432
0.532
0.48
0.428
0.68
0.868
0.728
0.748
0.636
0.5
0.616
0.584
0.52
0.82
0.74
0.76
0.736
0.504
0.452
0.808
0.648
0.568
0.476
0.596
0.736
0.784
0.528
0.476
0.716
0.492
0.508
0.56
0.5
0.496
0.868
0.648
0.492
0.672
0.708
0.508
0.464
0.7
0.476
0.672
0.56
0.616
0.668
0.808
0.504
0.852
0.48
0.512
0.468
0.64
0.444
0.652
0.668
0.7
0.58
0.664
0.572
0.648
1.012
0.584
0.488
0.54
0.504
0.648
0.82
0.504
0.684
0.772
0.624
0.536
0.488
0.444
0.436
0.872
0.816
0.596
0.672
0.824
0.74
0.504
0.452
0.452
0.852
0.552
0.66
0.496
0.476
0.68
0.464
0.472
0.94
0.476
0.644
0.612
1.144
0.668
0.608
0.484
0.632
0.708
0.492
0.496
0.468
0.484
1.032
0.524
0.636
0.496
0.472
0.92
0.844
0.952
0.484
0.6
0.62
0.532
0.724
0.668
0.864
0.728
0.88
0.708
0.528
0.48
0.528
0.48
0.472
0.648
0.468
0.62
0.792
1.028
0.508
0.504
0.504
0.992
0.532
0.86
0.812
0.808
0.708
0.52
0.5
0.864
0.544
0.9
0.468
1.024
0.652
0.528
0.464
0.664
0.684
0.456
0.668
0.492
0.5
0.736
0.656
0.568
0.744
0.86
0.592
0.552
0.452
0.504
0.592
0.504
0.46
0.62
0.456
1.092
0.58
0.48
0.964
0.548
0.52
0.492
0.58
0.684
0.48
0.456
0.908
0.596
0.48
0.696
0.8
0.652
0.612
0.516
0.612
0.528
0.492
0.464
0.46
0.776
0.564
0.564
0.5
0.528
0.652
0.724
0.54
0.508
0.548
0.58
0.588
0.444
0.516
0.496
0.48
0.768
0.48
0.512
0.628
0.708
0.476
0.612
0.468
0.5
0.464
0.796
0.504
0.492
0.652
0.748
0.496
0.636
0.552
0.66
0.464
0.448
0.704
0.504
0.748
0.48
0.492
0.608
0.464
0.572
0.592
0.536
0.52
0.532
0.704
0.788
0.908
0.512
0.496
0.436
0.664
0.464
0.648
0.496
0.496
0.472
0.452
0.548
0.416
0.552
0.512
0.472
0.708
0.632
0.448
0.616
0.768
0.932
0.44
0.444
0.404
0.552
0.528
0.604
0.596
0.472
0.452
0.5
0.48
0.612
0.588
0.84
0.544
0.524
0.48
0.616
0.56
0.444
0.748
0.636
0.7
0.508
0.704
0.704
0.496
0.58
0.44
0.824
0.524
0.52
0.708
0.54
0.572
0.584
0.668
0.816
0.656
0.488
0.792
0.44
0.648
0.792
0.784
0.704
0.872
0.54
0.448
0.552
0.508
0.768
0.44
0.46
0.432
0.44
0.652
0.52
0.444
0.776
0.612
0.5
0.44
0.508
0.504
0.492
0.548
0.476
0.82
0.628
0.484
0.512
0.6
0.516
0.712
0.468
0.548
0.6
0.452
0.416
0.424
0.424
0.704
0.78
0.496
0.764
0.796
0.548
0.464
0.44
0.628
0.492
0.68
0.728
0.576
0.52
0.696
0.54
0.52
0.456
0.556
0.44
0.7
0.448
0.504
0.816
0.46
0.568
0.496
0.62
0.68
0.612
0.668
0.772
0.472
0.58
0.536
0.448
0.48
0.5
0.472
0.48
0.724
0.44
0.492
0.436
0.44
0.704
0.564
0.488
0.62
0.468
0.448
0.424
0.5
0.728
0.876
0.68
0.476
0.748
0.624
0.928
0.516
0.664
0.692
0.592
0.472
0.448
0.516
0.56
0.536
0.5
0.56
0.768
0.68
0.452
0.432
0.732
0.456
0.44
0.556
0.468
0.82
0.76
0.84
0.532
0.576
0.684
0.788
0.524
0.656
0.628
0.62
0.712
0.796
0.552
0.848
0.548
0.748
0.548
0.476
0.476
0.684
0.6
0.712
0.472
0.648
0.492
0.696
0.656
0.504
0.676
0.46
0.496
0.532
0.46
0.584
0.524
0.856
0.568
0.832
0.844
0.488
0.436
0.436
0.7
0.528
0.768
0.652
0.816
0.548
0.656
0.536
0.524
0.516
0.536
0.592
0.524
0.636
0.636
0.612
0.604
0.552
0.72
0.468
0.492
0.744
0.604
0.676
0.676
0.464
0.588
0.876
0.736
0.496
0.616
0.836
0.468
0.736
0.732
0.512
1.052
0.608
0.568
0.44
0.7
0.808
0.58
0.712
0.504
0.456
0.464
0.5
0.6
0.512
0.444
0.536
0.528
0.488
0.46
0.516
0.504
0.5
0.46
0.592
0.468
0.7
0.464
0.476
0.444
0.696
0.668
0.672
0.836
0.744
0.468
0.68
0.692
0.472
0.456
0.688
0.456
0.676
0.9
0.668
0.496
0.712
0.484
0.612
0.752
0.788
0.58
0.648
0.48
0.484
0.844
0.596
0.504
0.496
0.548
0.548
0.532
0.524
0.66
0.528
0.508
0.512
0.804
0.796
0.548
0.648
0.648
0.888
0.532
1.0
0.62
0.44
0.7
0.612
0.732
0.472
0.836
0.556
0.64
0.808
0.568
0.484
0.696
0.456
0.604
0.5
0.476
0.504
0.516
0.488
0.536
0.644
0.704
0.52
0.768
0.596
0.724
0.684
0.452
0.864
0.556
0.472
0.588
0.58
0.52
0.7
0.52
0.736
0.484
0.692
0.644
0.664
0.476
0.492
0.74
0.552
0.628
0.44
0.444
0.424
0.64
0.748
0.808
0.7
0.516
0.424
0.596
0.612
0.524
0.508
0.484
0.5
0.764
0.836
0.536
0.564
0.472
0.728
0.552
0.48
0.424
0.556
0.592
0.612
0.58
0.48
0.468
0.648
0.436
0.448
0.616
0.884
0.772
0.432
0.664
0.52
0.488
0.684
0.688
0.48
0.568
0.6
0.724
0.52
0.464
0.552
0.656
0.792
0.568
0.448
0.544
0.46
0.772
0.692
0.464
0.656
1.072
0.596
0.52
0.648
0.556
0.504
0.572
0.764
0.476
0.7
0.444
0.464
0.564
0.564
0.464
0.852
0.776
0.476
0.684
0.516
0.5
0.504
0.704
0.484
0.464
0.744
0.68
0.556
0.764
0.64
0.496
0.448
0.544
0.624
0.444
0.444
0.456
0.608
0.576
0.396
0.812
0.72
0.524
0.612
0.46
0.452
0.432
1.028
0.52
0.48
0.492
0.548
0.544
0.448
0.632
0.476
0.596
0.588
0.696
0.476
0.448
0.548
0.916
0.74
0.548
0.492
0.88
0.72
0.668
0.852
0.548
0.532
0.708
0.596
0.464
0.468
0.464
0.592
0.812
0.764
0.468
0.472
0.48
0.896
0.52
0.588
0.648
0.44
0.764
0.628
0.704
0.864
0.532
0.76
0.52
0.432
0.512
0.752
0.644
0.48
0.472
0.732
0.464
0.452
0.716
0.472
0.82
0.916
0.464
0.772
0.524
0.632
0.688
0.556
0.732
0.88
0.6
0.58
0.484
0.652
0.672
0.724
0.58
0.888
0.488
0.608
0.7
0.456
0.488
0.76
0.608
0.48
0.696
0.464
0.696
0.728
0.772
0.704
0.472
0.756
0.5
0.452
0.856
0.768
0.736
0.44
0.412
0.66
0.456
0.432
0.604
0.72
0.868
0.836
0.472
0.784
0.852
0.696
0.696
0.568
0.588
0.488
0.712
0.56
0.6
0.676
1.004
0.748
0.512
0.476
0.436
0.708
0.756
0.668
0.468
0.676
0.48
0.46
0.452
0.48
0.788
0.576
0.544
0.4
0.504
0.444
0.68
0.572
0.776
0.748
0.56
0.496
0.584
0.924
0.656
0.664
0.856
0.696
0.488
0.608
0.604
0.492
0.616
0.436
0.464
0.492
0.488
0.692
0.66
0.504
0.688
0.44
0.636
0.608
0.492
0.584
0.78
0.616
0.704
0.696
0.776
0.528
0.5
0.576
0.664
0.492
0.428
0.676
0.476
0.732
0.468
0.424
0.62
0.488
0.764
0.696
0.508
0.452
0.58
0.66
0.48
0.744
0.82
0.704
0.452
0.504
0.428
0.636
0.476
0.548
0.6
0.588
0.572
0.728
0.564
0.56
0.516
0.492
0.712
0.548
0.46
0.612
0.796
0.472
0.76
0.924
0.636
0.576
0.608
0.644
0.48
0.444
0.524
0.764
0.556
0.46
0.46
0.728
0.7
0.648
0.616
0.608
0.528
0.488
0.904
0.484
0.468
0.468
1.096
0.496
0.904
0.856
0.488
0.456
0.652
0.68
0.66
0.924
0.644
0.48
0.652
0.456
0.632
0.752
0.476
0.496
0.716
0.74
0.504
0.616
0.692
0.592
0.696
0.456
0.652
0.72
0.456
1.036
0.716
0.456
0.676
0.456
0.64
0.468
0.824
0.776
0.46
0.54
0.964
0.604
0.588
0.604
0.448
0.452
0.46
0.508
0.636
0.452
0.624
0.72
0.76
0.476
0.712
0.684
0.56
0.46
0.604
0.644
0.544
0.516
0.56
0.66
0.616
0.576
0.52
0.644
0.796
0.752
0.8
0.648
0.696
0.812
0.68
0.564
0.608
0.656
0.552
0.444
0.624
0.46
0.472
0.716
0.656
0.704
0.492
0.7
0.516
0.436
0.44
0.612
0.76
0.672
0.496
0.548
0.576
0.444
0.684
0.54
0.708
0.792
0.792
0.672
0.64
0.756
0.452
0.668
0.624
0.792
0.62
0.48
0.7
0.684
0.448
0.448
0.716
0.528
0.784
0.628
0.548
0.46
0.464
0.48
0.596
0.528
0.504
0.52
0.484
0.8
0.724
0.804
0.532
0.84
0.468
0.728
0.776
0.832
0.508
0.452
1.128
0.636
0.516
0.704
0.596
0.636
0.476
0.644
0.628
0.46
0.52
0.736
0.684
0.508
0.68
0.496
0.544
0.748
0.592
0.464
0.832
0.552
0.532
0.444
0.544
0.564
0.48
0.452
0.728
0.5
0.672
0.688
0.468
0.66
0.568
0.6
0.7
0.496
0.476
0.476
0.752
0.464
0.48
0.768
0.484
0.556
0.848
0.704
0.836
0.536
0.828
0.496
0.456
0.48
0.656
0.416
0.412
0.544
0.632
0.464
0.436
0.46
0.756
0.72
0.528
0.68
0.472
0.488
0.76
0.516
0.648
0.736
0.496
0.992
0.476
0.432
0.716
0.428
0.94
0.516
0.788
0.64
0.732
0.616
0.752
0.52
0.612
0.62
0.456
0.708
0.54
0.488
0.636
0.452
0.54
0.492
0.612
0.492
0.884
0.548
0.488
0.444
0.512
0.604
0.676
0.56
0.444
0.488
0.46
0.728
0.44
0.528
0.708
0.468
0.568
0.496
0.68
0.556
0.72
0.54
0.692
0.708
0.664
0.74
0.628
0.528
0.452
0.472
0.5
0.672
0.56
0.708
0.584
0.472
0.892
0.748
0.776
0.488
0.672
0.476
0.492
0.616
0.432
0.668
0.584
0.6
0.652
0.832
0.476
0.5
0.444
0.616
0.572
0.692
0.512
0.448
0.56
0.42
0.38
0.396
0.456
0.456
0.464
0.488
0.768
0.512
0.88
0.476
0.652
0.484
0.484
0.772
0.728
0.48
0.608
0.792
0.628
0.46
0.812
0.672
0.44
0.62
0.776
0.484
0.708
0.468
0.712
0.428
0.412
0.42
0.7
0.5
0.46
0.776
0.56
0.432
0.764
0.716
0.78
0.676
0.492
0.696
0.464
0.456
0.464
0.496
0.764
0.712
0.504
0.672
0.712
0.564
0.748
0.448
0.572
0.508
0.752
0.74
0.476
0.476
0.656
0.456
0.484
0.52
0.648
0.536
0.664
0.484
0.424
0.716
0.568
0.7
0.612
0.708
0.76
0.484
0.712
0.5
0.612
0.452
0.568
0.56
0.676
1.032
0.724
0.712
0.632
0.628
0.552
0.548
0.488
0.76
0.524
0.6
0.5
0.668
0.744
0.568
0.6
0.552
0.616
0.456
0.62
0.536
0.44
0.436
0.692
0.444
0.472
0.504
0.504
0.616
0.636
0.444
0.42
0.464
0.636
0.472
0.72
0.82
0.732
0.596
0.792
0.464
0.796
0.792
0.668
0.508
0.552
0.48
0.696
1.156
0.54
0.836
0.648
0.824
0.636
0.728
0.508
0.436
0.652
0.74
0.512
0.632
0.492
0.42
0.452
0.444
0.608
0.664
0.68
0.812
0.64
0.732
0.76
0.464
0.772
0.548
0.484
0.744
0.436
0.652
0.668
0.508
0.628
0.52
0.588
0.4
0.756
0.6
0.556
0.576
0.464
0.44
0.436
0.676
0.724
0.528
0.436
0.52
0.584
0.504
0.624
0.764
0.492
0.644
0.712
0.512
0.976
0.5
0.412
0.428
0.416
0.78
0.596
0.484
0.572
0.728
0.74
0.496
0.608
0.452
0.448
0.8
0.576
0.492
0.536
0.484
0.412
0.816
0.432
0.38
0.696
0.472
0.42
0.788
0.488
0.416
0.468
0.472
0.856
0.716
0.58
0.428
0.696
0.472
0.464
0.836
0.66
0.456
0.484
0.436
0.444
0.808
0.58
0.572
0.556
0.696
0.528
0.592
0.512
0.484
0.46
0.736
0.496
0.696
0.66
0.428
0.536
0.524
0.424
0.676
0.752
0.48
0.532
0.528
0.484
0.88
0.588
0.492
0.656
0.512
0.68
0.632
0.444
0.44
0.584
0.804
0.464
0.792
0.492
0.552
0.452
0.436
0.444
0.636
0.564
0.616
0.612
0.624
0.516
0.624
0.456
0.768
0.648
0.904
0.448
0.448
0.56
0.608
0.744
0.488
0.488
0.596
0.444
0.472
0.596
0.452
0.656
0.608
0.432
0.632
0.436
0.504
0.6
0.88
0.784
0.74
0.596
0.584
0.5
0.496
0.936
0.452
0.408
0.66
0.448
0.676
0.604
0.576
0.54
0.52
0.756
0.472
0.54
0.48
0.448
0.748
0.692
0.472
0.596
0.436
0.584
0.452
0.772
0.744
0.684
0.604
0.488
0.604
0.548
0.532
0.616
0.516
0.484
0.448
0.624
0.54
0.52
0.488
0.512
0.676
0.504
0.504
0.432
0.844
0.676
0.72
0.68
0.56
0.544
0.636
0.636
0.516
0.624
0.572
0.464
0.584
0.456
0.416
0.684
0.456
0.5
0.648
0.492
0.452
0.616
0.656
0.792
0.644
0.636
0.464
0.464
0.64
0.868
0.652
0.492
0.46
0.66
0.8
0.632
0.816
0.548
0.504
0.584
0.528
0.808
0.6
0.62
0.528
0.624
0.76
0.692
0.608
0.488
0.404
0.476
0.624
0.484
0.464
0.612
0.548
0.548
0.572
0.576
0.916
0.632
0.696
0.52
0.92
0.872
0.728
0.788
0.596
0.644
0.536
0.472
0.54
0.784
0.676
0.448
0.48
0.86
0.472
0.532
0.596
0.48
0.44
0.476
0.452
0.624
0.796
0.812
0.588
0.6
0.54
0.572
0.448
0.48
0.46
0.584
0.616
0.504
0.624
0.468
0.748
0.604
0.516
0.756
0.492
0.564
0.768
0.66
0.452
0.664
0.408
0.392
0.5
0.56
0.436
0.416
0.844
0.52
0.52
0.752
0.58
0.48
0.484
0.688
0.864
0.62
0.776
0.8
0.452
0.708
0.664
0.552
0.436
0.536
0.48
0.724
0.772
0.496
0.656
0.804
0.712
0.42
0.644
0.436
0.424
0.416
0.472
0.72
0.612
0.772
0.536
0.5
0.488
0.436
0.848
0.776
0.616
0.5
0.5
0.516
0.82
0.748
0.524
0.484
0.648
0.46
0.468
0.62
0.44
0.552
0.604
0.504
0.748
0.54
0.428
0.468
0.46
0.468
0.516
0.6
0.66
0.416
0.86
0.544
0.62
0.484
0.728
0.668
0.552
0.432
0.472
0.568
0.728
0.496
0.428
0.692
0.524
0.624
0.464
0.464
0.424
0.652
0.476
0.676
0.708
0.512
0.548
0.608
0.472
0.452
0.444
0.468
0.512
0.716
0.68
0.64
0.436
0.596
0.464
0.464
0.788
0.772
0.48
0.528
0.472
0.536
0.46
0.468
0.456
0.392
0.428
0.468
0.552
0.48
0.508
0.496
0.796
0.544
0.472
0.732
0.496
0.44
0.692
0.492
0.524
0.448
0.616
0.7
0.488
0.444
0.728
0.568
0.416
0.444
0.748
0.392
0.7
1.096
0.58
0.548
0.588
0.756
0.492
0.74
0.524
0.74
0.504
0.784
0.6
0.668
0.56
0.468
0.492
0.456
0.444
0.88
0.82
0.732
0.636
0.4
0.452
0.812
0.496
0.464
0.528
0.568
0.772
0.812
0.712
0.592
0.5
0.56
0.568
0.556
0.448
0.668
0.456
0.752
0.744
0.42
0.476
0.424
0.844
0.488
0.68
0.576
0.52
0.504
0.608
0.436
0.636
0.5
0.464
0.432
0.652
0.548
0.68
0.5
1.224
0.628
0.608
0.38
0.452
0.452
0.62
0.54
0.784
0.696
0.54
0.968
0.524
0.5
0.74
0.436
0.528
0.408
0.496
0.808
0.632
0.472
0.64
0.52
0.568
0.744
0.472
0.444
0.456
0.456
0.428
0.488
0.46
0.592
0.548
0.492
0.68
0.532
0.408
1.0
0.504
0.684
0.476
0.676
0.476
0.408
0.624
0.784
0.496
0.476
0.448
0.456
0.456
0.66
0.8
0.488
0.852
0.432
0.46
0.432
0.5
0.572
0.532
0.636
0.52
0.7
0.424
0.764
0.452
0.548
0.568
0.684
0.688
0.636
0.464
0.7
0.664
0.48
0.576
0.572
0.448
0.64
0.604
0.664
0.756
0.46
0.72
0.44
0.668
0.604
0.472
0.452
0.444
0.468
0.448
0.408
0.64
0.74
0.576
0.452
0.768
0.524
0.8
0.652
0.488
0.412
0.82
0.664
0.688
0.416
0.644
0.9
0.46
0.712
0.604
0.484
0.448
0.424
0.48
0.608
0.48
0.512
0.656
0.524
0.484
0.44
0.44
0.652
0.872
0.684
0.436
0.432
0.576
0.552
0.548
0.432
0.68
0.408
0.404
0.644
0.776
0.696
0.66
0.46
0.672
0.684
0.62
0.84
0.772
0.5
0.504
0.576
0.524
0.568
0.512
0.484
0.704
0.8
0.496
0.62
0.82
0.48
0.632
0.608
0.804
0.592
0.456
0.792
0.448
0.428
0.528
0.504
0.408
0.412
0.42
0.412
0.636
0.588
0.476
0.468
0.68
0.72
0.516
0.464
0.444
0.52
0.54
0.484
0.436
0.396
0.756
0.712
0.42
0.748
0.432
0.684
0.42
0.492
0.776
0.68
0.64
0.432
0.416
0.732
0.516
0.476
0.424
0.472
0.476
0.42
0.424
0.688
0.628
0.452
0.616
0.832
0.708
0.676
0.468
0.432
0.56
0.492
0.412
0.408
0.616
0.544
0.436
0.464
0.488
0.776
0.604
0.572
0.552
0.544
0.464
0.624
0.448
0.456
0.548
0.46
0.68
0.768
0.624
0.74
0.72
0.648
0.504
0.624
0.492
0.452
0.656
0.436
0.572
0.78
0.528
0.568
0.72
0.444
0.584
0.508
0.832
0.564
0.864
0.656
0.62
0.672
0.476
0.452
0.568
0.456
0.64
0.56
0.432
0.664
0.708
0.78
0.524
0.484
0.688
0.78
0.696
0.488
0.716
0.632
0.5
0.668
0.628
0.604
0.688
0.544
0.7
0.8
0.524
0.528
0.692
0.596
0.488
0.472
0.432
0.796
0.696
0.808
0.768
0.572
0.616
0.456
0.64
0.74
0.492
0.54
0.58
0.584
0.428
0.76
0.46
0.652
0.472
0.672
0.52
0.636
0.696
0.432
0.436
0.432
0.588
0.536
0.484
0.552
0.732
0.62
0.5
0.452
0.432
0.636
0.508
0.444
0.7
0.78
0.424
0.408
0.76
0.688
0.556
0.732
0.608
0.46
0.4
0.408
0.456
0.568
0.728
0.64
0.608
0.74
0.772
0.692
0.716
0.484
0.476
0.504
0.48
0.604
0.396
0.556
0.46
0.572
0.692
0.428
0.66
0.616
0.656
0.48
0.468
0.432
0.448
0.924
0.672
0.572
0.696
0.524
0.896
0.644
0.44
0.528
0.696
0.68
0.54
0.496
0.636
0.704
0.572
0.54
0.436
0.628
0.452
0.704
0.492
0.596
0.744
0.484
0.832
0.716
0.476
0.472
0.448
0.432
0.524
0.428
0.412
0.4
0.62
0.568
0.6
0.432
0.62
0.656
0.564
0.888
0.58
0.672
0.444
0.644
0.696
0.436
0.608
0.56
0.464
0.576
0.576
0.524
0.476
0.484
0.48
0.436
0.664
0.476
0.524
0.54
0.84
0.604
0.588
0.756
0.504
0.572
0.46
0.416
0.596
0.476
0.612
0.468
0.648
0.516
0.532
0.428
0.488
0.42
0.924
0.488
0.524
0.952
0.436
0.444
0.472
0.524
0.48
0.648
0.436
0.684
0.588
0.412
0.428
0.652
0.476
0.52
0.604
0.508
0.648
0.468
0.576
0.604
0.644
0.836
0.684
0.884
0.596
0.564
0.508
0.492
0.512
0.692
0.5
0.488
0.504
0.828
0.6
0.7
0.592
0.464
0.688
0.78
0.712
0.468
0.404
0.652
0.504
0.428
0.7
0.772
0.428
0.436
0.444
0.612
0.472
0.416
0.548
0.496
0.464
0.52
0.748
0.476
0.396
0.592
0.532
0.836
0.54
0.472
0.544
0.496
1.06
0.576
0.684
0.564
0.444
0.424
0.424
0.752
0.476
0.536
0.624
0.648
0.484
0.448
0.436
0.724
0.812
0.548
0.496
0.664
0.54
0.488
0.616
0.676
0.62
0.46
0.428
0.488
0.468
0.476
0.48
0.556
0.612
0.432
0.416
0.564
0.54
0.476
0.544
0.772
0.464
0.548
0.496
0.54
0.644
0.436
0.4
0.396
0.4
0.396
0.396
0.648
0.624
0.808
0.464
0.56
0.708
0.728
0.444
0.476
0.456
0.888
0.612
0.448
0.424
0.708
0.508
0.7
0.44
0.668
0.452
0.488
0.564
0.728
0.552
0.464
0.408
0.444
0.48
0.64
0.552
0.476
0.628
0.636
0.74
0.5
0.552
0.864
0.532
0.412
0.64
0.664
0.456
0.476
0.772
0.52
0.468
0.564
0.504
0.444
0.456
0.592
0.72
0.492
0.592
0.52
0.444
0.696
0.504
0.432
0.532
0.668
0.476
0.612
0.46
0.42
0.644
0.708
0.86
0.576
0.444
0.44
0.456
0.888
0.464
0.936
0.492
0.432
0.468
0.82
0.588
0.632
0.812
0.528
0.688
0.452
0.6
0.74
0.46
0.44
0.684
0.688
0.792
0.488
0.748
0.448
0.684
0.652
0.444
0.408
0.444
0.664
0.468
0.532
0.7
0.624
0.624
0.548
0.508
0.72
0.488
0.632
0.708
0.452
0.536
0.556
0.472
0.64
0.476
0.496
0.408
0.748
0.816
0.716
0.452
0.664
0.444
0.456
0.452
0.66
0.736
0.508
0.66
0.484
0.572
0.828
0.588
0.724
0.54
0.444
0.456
0.472
0.604
0.612
0.496
0.628
0.532
0.66
0.74
0.484
0.52
0.44
0.64
0.668
0.6
0.672
0.516
0.492
0.444
0.648
0.428
0.412
0.42
0.624
0.64
0.668
0.676
0.6
0.496
0.536
0.516
0.452
0.74
0.452
0.44
0.424
0.468
0.788
0.732
0.512
0.636
0.504
0.584
0.776
0.64
0.452
0.696
0.636
0.572
0.736
0.464
0.54
0.584
0.488
0.548
0.772
0.448
0.42
0.42
0.52
0.628
0.456
0.764
0.688
0.528
0.476
0.416
0.424
0.684
0.724
0.66
0.684
0.624
0.54
0.7
0.636
0.508
0.524
0.492
0.488
0.464
0.452
0.648
0.512
0.428
0.612
0.664
0.536
0.656
0.484
0.796
0.46
0.408
0.5
0.468
0.708
0.684
0.436
0.6
0.58
0.692
0.576
0.472
0.42
0.476
0.564
0.748
0.492
0.696
0.488
0.48
0.604
0.456
0.664
0.468
0.392
0.548
0.704
0.5
0.544
0.576
0.568
0.612
0.768
0.484
0.492
0.576
0.428
0.492
0.624
0.472
0.812
0.636
0.56
0.56
0.416
0.536
0.776
0.428
0.616
0.468
0.668
0.856
0.444
0.712
0.484
0.464
0.708
0.476
0.656
0.708
0.448
0.628
0.5
0.504
0.516
0.552
0.504
0.596
0.584
0.54
0.492
0.62
0.472
0.588
0.456
0.444
0.504
0.472
0.752
0.716
0.484
0.42
0.676
0.556
0.7
0.452
0.584
0.528
0.46
0.724
0.76
0.576
0.484
0.428
0.436
0.428
0.608
0.424
0.632
0.768
0.62
0.444
0.628
0.428
0.432
0.448
0.832
0.484
0.66
0.444
0.796
0.6
0.444
0.428
0.428
0.376
0.752
0.668
0.6
0.568
0.592
0.5
0.4
0.392
0.748
0.744
0.792
0.68
0.388
0.396
0.528
0.492
0.536
0.472
0.432
0.416
0.784
0.544
0.596
0.48
0.5
0.772
0.74
0.508
0.632
0.744
0.424
0.656
0.452
0.408
0.604
0.62
0.668
0.596
0.732
0.668
0.704
0.488
0.888
0.596
0.428
0.476
0.428
0.588
0.56
0.536
0.424
0.9
0.504
1.084
0.728
0.52
0.556
0.676
0.424
0.612
0.504
0.392
0.656
0.492
0.648
0.608
0.436
0.408
0.428
0.424
0.688
0.628
0.684
0.784
0.452
0.42
0.612
0.552
0.608
0.628
0.492
0.508
0.728
0.724
0.492
0.764
0.468
0.52
0.428
0.676
0.604
0.516
0.488
0.432
0.684
0.464
0.412
0.432
0.628
0.852
0.792
0.724
0.5
0.652
0.58
0.596
0.764
0.5
0.42
0.42
0.56
0.476
0.64
0.496
0.472
0.452
0.74
0.736
0.84
0.748
0.64
0.452
0.616
0.504
0.496
0.664
0.652
0.54
0.584
0.932
0.592
0.464
0.624
0.484
0.464
0.516
0.452
0.48
0.584
0.788
0.524
0.704
0.572
0.664
0.456
0.424
0.68
0.54
0.504
0.664
0.624
0.732
0.668
0.656
0.724
0.46
0.5
0.948
0.74
0.62
0.476
0.528
0.688
0.452
0.452
0.468
0.592
0.452
0.436
0.628
0.644
0.612
0.58
0.64
0.656
0.568
0.724
0.452
0.688
0.576
0.74
0.476
0.732
0.488
0.636
0.472
0.84
0.488
0.536
0.668
0.512
0.46
0.44
0.468
0.484
0.744
0.448
0.58
0.632
0.472
0.44
0.644
0.528
0.484
0.708
0.712
0.484
0.44
0.768
0.528
0.628
0.956
0.552
0.468
0.548
0.464
0.952
0.54
0.68
0.444
0.468
0.624
0.464
0.672
0.484
0.66
0.844
0.608
0.436
0.676
0.464
0.488
0.508
0.552
0.536
0.652
0.756
0.496
0.672
0.68
0.556
0.468
0.468
0.444
0.684
0.644
0.592
0.52
0.436
0.716
0.824
0.592
0.484
0.664
0.512
0.892
0.648
0.596
0.568
0.476
0.604
0.52
0.44
0.732
0.8
0.688
0.76
0.792
0.452
0.66
0.816
0.524
0.492
0.76
0.98
0.704
0.496
0.464
0.532
0.456
0.652
0.728
0.532
0.464
0.464
0.436
0.44
0.412
0.544
0.564
0.412
0.612
0.712
0.496
0.492
0.656
0.808
0.492
0.476
0.664
0.46
0.548
0.504
0.596
0.568
0.652
0.452
0.644
0.612
0.496
0.48
0.796
0.456
0.684
0.432
0.856
0.512
0.404
0.5
0.524
0.812
0.464
0.436
0.588
0.472
0.42
0.712
0.504
0.5
0.556
0.656
0.644
0.432
0.552
0.788
0.588
0.624
0.58
0.724
0.472
0.58
0.448
0.628
0.656
0.712
0.616
0.6
0.672
0.732
0.72
0.496
0.656
0.44
0.48
0.464
0.516
0.668
0.588
0.496
0.504
0.836
0.616
0.676
0.552
0.656
0.812
0.724
0.728
0.452
0.848
0.564
0.492
0.448
0.4
0.796
0.568
0.604
0.744
0.816
0.504
0.456
0.468
0.792
0.72
0.604
0.796
0.508
0.624
0.62
0.596
0.452
0.608
0.488
0.56
0.58
0.684
0.484
0.444
0.46
0.768
0.624
0.5
0.484
0.44
0.648
0.472
0.832
0.964
0.708
0.504
0.464
0.492
0.424
0.688
0.452
0.64
0.424
0.416
0.68
0.636
0.584
0.436
0.664
0.528
0.664
0.44
0.596
0.628
0.748
0.616
0.488
0.652
0.656
0.528
0.464
0.696
0.448
0.688
0.44
0.4
0.912
0.64
0.552
0.828
0.952
0.572
0.42
0.652
0.46
0.46
0.848
0.452
0.744
0.576
0.412
0.664
0.488
0.496
0.612
0.516
0.596
0.524
0.704
0.444
0.704
0.872
0.544
0.432
0.752
0.456
0.496
0.688
0.48
0.632
0.448
0.416
0.524
0.464
0.62
0.64
0.468
0.468
0.44
0.42
0.432
0.536
0.616
0.54
0.6
0.56
0.94
0.512
0.428
0.576
0.7
0.652
0.612
0.472
0.66
0.808
0.74
0.476
0.472
0.612
1.168
0.508
0.712
0.5
0.436
0.648
0.512
0.532
0.54
0.464
0.74
0.596
0.528
0.508
0.628
0.636
0.564
0.652
0.88
0.836
0.82
0.472
0.544
0.596
0.416
0.736
0.612
0.556
0.572
0.516
0.64
0.52
0.456
0.76
0.472
0.656
0.456
0.44
0.504
0.476
0.416
0.876
0.28
0.568
0.444
0.6
0.464
0.396
0.844
0.72
0.532
0.468
0.408
0.444
0.388
0.736
0.436
0.424
0.488
0.832
0.488
0.576
0.488
0.48
0.712
0.804
0.556
0.572
0.62
0.46
0.452
0.408
0.748
0.668
0.568
0.504
0.88
0.708
0.472
0.708
0.596
0.56
0.54
0.428
0.66
0.488
0.668
0.74
0.612
0.748
0.444
0.556
0.464
0.44
0.604
0.476
0.5
0.548
0.42
0.568
0.64
0.496
0.472
0.524
0.42
0.4
0.404
0.412
0.404
0.588
0.484
0.436
0.472
0.668
0.504
0.436
0.68
0.716
0.48
0.692
0.636
0.436
0.568
0.508
0.708
0.696
0.484
0.54
0.672
0.452
0.46
0.648
0.508
0.736
0.596
0.668
0.54
0.444
0.664
0.48
0.644
0.772
0.496
0.652
0.656
0.504
0.688
0.532
0.96
0.464
0.692
0.564
0.824
0.608
0.436
0.472
0.556
0.588
0.496
0.828
0.636
0.712
0.732
0.848
0.544
0.692
0.66
0.736
0.432
0.768
0.604
0.588
0.496
0.46
0.664
0.784
0.672
0.56
0.804
0.468
0.896
0.512
1.076
0.544
0.448
0.644
0.764
0.496
0.48
0.624
0.492
1.232
0.636
0.596
0.996
0.948
0.892
0.904
0.932
0.912
0.916
0.908
0.936
0.932
0.94
0.896
0.916
0.952
0.932
0.92
0.9
0.936
0.936
0.428
0.548
0.54
0.48
0.62
0.464
0.44
0.456
0.608
0.7
0.42
0.768
0.704
0.572
0.564
0.776
0.428
0.432
0.44
0.604
0.62
0.544
0.824
0.42
0.632
0.444
0.904
0.464
0.572
0.472
0.704
0.464
0.424
0.416
0.78
0.748
0.456
0.616
0.424
0.672
0.648
0.476
0.48
0.928
0.448
0.464
0.576
0.788
0.508
0.84
0.652
0.576
0.452
0.644
0.488
0.496
0.564
0.692
0.468
0.684
0.484
0.44
0.704
0.72
0.46
0.472
0.668
0.472
0.592
0.764
0.684
0.688
0.528
0.548
0.504
0.628
0.532
0.536
0.68
0.576
0.96
0.468
0.416
0.544
0.72
0.5
0.696
0.772
0.556
0.424
0.46
0.696
0.54
0.464
0.524
0.928
0.516
0.56
0.616
0.584
0.68
0.432
0.712
0.836
0.468
0.532
0.768
0.74
0.82
0.544
0.676
0.396
0.464
0.704
0.848
0.468
0.492
0.48
0.452
0.632
0.432
0.404
0.696
0.452
0.624
0.644
0.728
0.444
0.408
0.468
0.704
0.484
0.424
0.444
0.4
0.668
0.656
0.572
0.52
0.584
0.684
0.46
0.48
0.612
0.604
0.74
0.628
0.436
0.848
0.892
0.456
0.46
0.668
0.452
0.528
0.448
0.628
0.484
0.604
0.616
0.456
0.872
0.64
0.604
0.72
0.704
0.536
0.456
0.648
0.48
0.6
0.636
1.18
0.496
0.872
0.928
0.96
0.96
0.908
0.924
0.94
0.956
0.936
0.912
0.924
0.952
0.944
0.916
0.9
0.936
0.928
0.908
0.892
0.916
0.952
0.92
0.92
0.928
0.96
0.956
0.908
0.908
0.952
0.948
0.912
0.904
0.932
0.944
0.936
0.912
0.924
0.94
0.944
0.904
0.892
0.928
0.968
0.908
0.904
0.94
0.488
0.552
0.448
0.408
0.532
0.684
0.604
0.568
0.44
0.696
0.608
0.596
0.432
0.664
0.448
0.44
0.52
0.528
0.436
0.56
0.596
0.712
0.504
0.436
0.508
0.44
0.456
0.64
0.472
0.444
0.912
0.58
0.764
0.484
0.536
0.796
0.532
0.468
0.44
0.592
0.572
0.456
0.432
0.684
0.484
0.704
0.464
0.452
0.612
0.684
0.676
0.556
0.488
0.628
0.688
0.48
0.656
0.536
0.44
0.476
0.684
0.42
0.42
0.44
0.444
0.476
0.696
0.524
0.432
0.536
0.524
0.508
0.888
0.528
0.604
0.732
0.428
0.512
0.416
0.496
0.628
0.468
0.724
0.448
0.736
0.612
0.42
0.752
0.632
0.612
0.5
0.46
0.412
0.46
0.688
0.688
0.628
0.692
0.632
0.736
0.468
0.632
0.44
0.392
0.636
0.5
0.448
0.628
0.736
0.488
0.528
0.444
0.544
0.6
0.532
0.464
0.736
0.472
0.448
0.572
0.464
0.412
0.644
0.54
0.84
0.496
0.796
0.676
0.612
0.444
0.58
0.58
0.4
0.504
0.6
0.588
0.62
0.432
0.476
0.732
0.68
0.496
0.912
0.48
0.7
0.676
0.46
0.448
0.588
0.432
0.484
0.476
0.616
0.508
0.428
0.428
0.772
0.54
0.604
0.472
0.964
0.492
0.504
0.672
0.5
0.548
0.496
0.692
0.736
0.624
0.704
0.608
0.7
0.748
0.624
0.476
0.84
0.648
0.436
0.456
0.512
0.648
0.476
0.42
0.908
0.48
0.42
0.888
0.584
0.416
0.588
0.724
0.484
0.52
0.632
0.472
0.42
0.512
0.652
0.48
0.492
0.652
1.048
0.648
0.816
0.46
0.436
0.484
0.66
0.432
0.46
0.444
0.484
0.476
0.752
0.756
0.464
0.492
0.632
0.864
0.732
0.608
0.516
0.552
0.648
0.768
0.636
0.728
0.448
0.46
0.464
0.68
0.664
0.576
0.676
0.716
0.42
0.4
0.436
0.424
0.512
0.552
0.508
1.084
0.76
0.616
0.496
0.376
0.472
0.68
0.472
0.508
0.62
0.504
0.724
0.948
0.604
0.664
0.492
0.716
0.716
0.748
0.828
0.484
0.652
0.472
0.64
0.484
0.824
0.78
0.58
0.464
0.448
0.412
0.428
0.44
0.732
0.808
0.608
0.492
0.488
0.704
0.472
0.472
0.42
0.632
0.48
0.612
0.688
0.68
0.696
0.464
0.828
0.432
0.476
0.64
0.688
0.472
0.668
0.62
0.436
0.412
0.436
0.472
0.712
0.64
0.796
1.06
0.656
0.68
0.688
0.64
0.656
0.696
0.512
0.428
0.48
0.604
0.496
0.568
0.508
0.66
0.44
0.476
0.428
0.68
0.484
0.444
0.472
0.556
0.452
0.428
0.448
0.472
0.684
0.712
0.548
0.452
0.456
0.584
0.472
0.624
0.76
0.604
0.592
0.556
0.652
0.54
0.696
0.612
0.436
0.572
0.512
0.528
0.74
0.448
0.584
0.516
0.64
0.448
0.832
0.64
0.692
0.488
0.416
0.508
0.472
0.932
0.648
0.46
0.424
0.712
0.876
0.512
0.996
0.576
0.62
0.42
0.676
0.456
0.72
0.5
0.58
0.476
0.408
0.704
0.548
0.412
0.528
0.608
0.768
0.46
0.8
0.464
0.716
0.944
0.448
0.504
0.524
0.516
0.576
0.568
0.624
0.56
0.452
0.496
0.472
0.452
0.464
0.684
0.672
0.644
0.516
0.616
0.408
0.64
0.66
0.44
0.42
0.688
0.524
0.456
0.484
0.428
0.944
0.484
0.812
0.544
0.944
0.596
0.74
0.556
0.54
0.572
0.416
0.724
0.616
0.608
0.592
0.508
0.4
0.536
0.544
0.432
0.636
0.712
0.56
0.488
0.412
0.616
0.404
0.444
0.412
0.4
0.608
0.536
0.444
0.568
0.676
0.46
0.416
0.424
0.4
0.58
0.44
0.416
0.448
0.38
0.776
0.708
0.392
0.368
0.532
0.46
0.488
0.696
0.488
0.608
0.7
0.504
0.536
0.556
0.46
0.416
0.436
0.644
0.548
0.556
0.704
0.564
0.764
0.628
0.548
0.492
0.428
0.436
0.46
0.432
0.416
0.4
0.608
0.444
0.536
0.428
0.712
0.424
0.416
0.444
0.64
0.452
0.428
0.732
0.432
0.544
0.612
0.824
0.556
0.568
0.576
0.516
0.44
0.42
0.508
0.456
0.552
0.588
0.408
0.416
0.488
0.672
0.828
0.444
0.46
0.78
0.668
0.504
0.436
0.436
0.42
0.432
0.412
0.592
0.688
0.948
0.628
0.42
0.78
0.516
0.432
0.448
0.716
0.672
0.588
0.444
0.424
0.732
0.636
0.584
0.692
0.5
0.428
0.844
0.552
0.468
0.508
0.624
0.448
0.6
0.76
0.764
0.86
0.524
0.484
0.484
0.696
0.492
0.58
0.564
0.456
0.548
0.868
0.648
0.548
0.632
0.712
0.48
0.476
0.636
0.544
0.724
0.74
0.896
0.508
0.444
0.828
0.736
0.824
0.552
0.708
0.684
0.72
0.736
0.516
0.788
0.868
0.524
0.8
0.912
0.74
0.464
0.944
0.556
0.444
0.932
0.524
0.468
0.52
0.952
0.54
0.444
0.476
0.456
0.516
0.828
0.92
0.492
0.684
0.768
0.584
0.456
0.628
0.472
0.62
0.66
1.088
0.6
0.768
0.46
0.72
0.78
0.472
1.048
0.6
0.728
0.756
0.648
0.688
0.492
0.444
0.764
0.508
0.732
0.528
0.696
0.616
0.712
0.508
0.476
0.748
0.596
0.628
0.476
0.636
0.856
0.804
0.884
0.5
0.888
0.796
0.54
0.736
0.476
0.644
0.456
0.704
0.66
0.876
0.536
0.464
0.552
0.736
0.6
0.46
0.44
0.456
0.668
0.624
0.68
0.468
0.704
0.788
0.848
0.436
0.54
0.496
0.44
0.6
0.48
0.768
0.488
0.556
0.676
0.924
0.552
0.808
0.488
0.44
0.688
0.828
0.752
0.704
0.452
0.416
0.42
0.696
0.716
1.056
0.492
0.572
0.428
0.552
0.536
0.752
0.576
0.6
0.476
0.424
0.592
0.668
0.588
0.58
0.828
0.812
0.64
0.488
0.696
0.508
0.508
0.684
0.46
0.688
0.5
0.648
0.508
0.472
0.444
0.484
0.58
0.456
0.404
0.428
0.644
0.668
0.636
0.548
0.756
0.744
0.68
0.48
0.688
0.512
0.852
0.472
0.72
0.46
0.504
0.576
0.528
0.476
0.824
0.468
0.716
0.676
0.484
0.612
0.716
0.452
0.836
0.58
0.556
0.812
0.472
0.456
0.716
0.464
0.436
0.592
0.58
0.468
0.56
0.44
0.48
0.924
0.728
0.704
0.468
0.48
0.628
0.78
0.712
0.444
0.484
0.728
0.596
0.784
0.6
0.52
0.44
0.636
0.624
0.7
0.532
0.66
0.476
0.456
0.424
0.632
0.496
0.448
0.664
0.596
0.812
0.716
0.736
0.448
0.816
0.664
0.884
0.884
0.46
0.48
0.66
0.536
0.476
0.508
0.54
0.66
0.608
0.772
0.648
0.636
0.48
0.584
0.944
0.596
0.448
0.544
0.624
0.448
0.48
0.552
0.46
0.452
0.656
0.628
0.48
0.42
0.744
0.768
0.58
0.568
0.448
0.688
0.58
0.516
0.776
0.764
0.476
0.612
0.46
0.46
0.452
0.52
0.5
0.656
0.524
0.484
0.524
0.556
0.892
0.5
0.812
0.656
0.644
0.464
0.508
0.668
0.568
0.548
0.496
0.692
0.776
0.592
0.728
0.772
0.432
0.632
0.704
0.444
0.732
0.672
0.728
0.676
0.484
0.584
0.564
0.548
0.472
0.612
0.728
0.436
0.412
0.44
0.484
0.572
0.78
0.768
0.488
0.432
0.464
0.856
0.716
0.812
0.644
0.64
0.712
0.72
0.688
0.5
0.744
0.484
0.436
0.516
0.46
0.56
0.744
0.776
0.444
0.64
0.72
0.612
0.448
0.544
0.592
0.62
0.492
0.452
0.452
0.44
0.72
0.656
0.444
0.432
0.66
0.492
0.668
0.616
0.7
0.764
1.188
0.64
0.64
0.516
0.58
0.528
0.588
0.52
0.644
0.484
0.736
0.632
0.724
1.032
0.676
0.512
0.512
0.796
0.708
0.512
0.632
0.528
0.652
0.74
0.552
0.66
0.74
0.624
0.612
0.496
0.556
0.516
0.484
0.56
0.476
0.536
0.804
0.492
0.428
0.672
0.96
0.516
0.436
0.688
0.708
0.448
0.468
0.468
0.5
0.452
0.688
0.712
0.484
0.444
0.724
0.612
0.796
0.488
0.904
0.516
0.628
0.5
0.408
0.536
0.66
0.52
0.432
0.6
0.536
0.776
0.764
0.692
0.464
0.696
0.512
0.78
0.524
0.652
0.46
0.692
0.236
0.952
0.572
0.848
0.728
0.508
0.816
0.592
0.528
0.5
0.5
0.648
0.612
0.576
0.476
0.604
0.644
0.648
0.568
0.912
0.496
0.772
0.608
0.468
0.804
0.496
0.724
1.392
0.504
0.82
0.936
1.048
0.956
0.968
0.988
1.02
0.988
0.972
0.96
0.96
0.964
0.724
0.688
0.496
0.768
0.768
0.672
0.512
0.444
0.62
0.788
0.68
0.648
0.836
0.46
0.452
0.796
0.464
0.676
0.492
0.78
0.804
0.608
0.48
0.456
0.456
0.748
0.568
0.64
0.68
0.676
0.8
0.7
0.672
0.512
0.684
0.784
0.764
0.636
0.468
0.44
0.424
0.712
0.528
0.46
0.58
0.612
0.652
0.42
0.472
0.56
0.464
0.62
0.608
0.66
0.592
0.476
0.64
0.664
0.8
0.576
0.712
0.46
0.448
0.468
0.588
0.812
0.7
0.432
0.492
0.564
0.628
0.456
0.424
0.724
0.752
0.544
0.452
0.684
0.96
0.7
0.7
0.428
0.748
0.44
0.612
0.488
0.788
0.996
0.716
0.736
0.604
0.416
0.816
0.496
0.648
0.432
0.716
0.46
0.46
0.488
0.42
0.576
0.42
0.42
0.496
0.484
0.556
0.524
0.592
0.908
0.476
0.924
1.036
0.592
0.768
0.54
0.512
0.76
0.696
0.652
0.528
0.48
0.76
0.496
0.596
0.572
0.524
0.544
0.484
0.644
0.704
0.432
0.432
0.964
0.468
0.436
0.48
0.436
0.68
0.76
0.572
0.5
0.444
0.66
0.464
0.488
0.74
0.74
0.464
0.564
0.516
0.804
0.888
0.472
0.44
0.692
0.752
0.536
0.656
0.736
0.752
0.636
0.768
0.444
0.736
0.632
0.44
0.892
0.748
0.84
0.684
0.456
0.712
0.5
0.584
0.72
0.716
0.44
0.416
0.644
0.708
0.984
0.668
0.492
0.464
0.492
0.716
0.488
0.46
0.704
0.64
0.632
0.492
0.736
0.424
0.556
0.456
0.68
0.676
0.46
0.82
0.76
0.724
0.452
0.648
0.74
0.504
0.424
0.548
0.948
0.8
0.436
0.628
0.6
0.492
0.592
0.512
0.56
0.452
0.724
0.464
0.624
0.728
0.472
0.472
0.668
0.48
0.492
0.476
0.416
0.604
0.436
0.452
0.48
0.592
0.968
0.908
0.524
0.872
0.456
0.656
0.632
0.46
1.076
0.476
0.504
0.684
0.472
0.508
0.596
0.472
0.596
0.532
0.428
0.584
0.46
0.44
0.444
0.508
1.296
0.96
0.976
1.02
1.008
1.0
0.976
0.984
0.98
0.972
0.956
0.956
0.992
0.968
0.952
0.94
0.972
0.976
0.936
0.932
0.972
0.492
0.52
0.564
0.768
1.468
0.62
0.572
0.876
0.964
0.948
1.008
0.948
0.928
0.96
0.972
0.972
0.936
0.956
0.98
0.972
0.928
0.524
0.544
0.656
0.664
0.552
0.748
0.484
0.408
0.428
0.664
0.512
0.62
0.5
0.688
0.488
0.364
0.76
0.66
0.64
0.576
0.76
0.616
0.636
0.632
0.608
0.472
0.612
0.68
0.524
0.58
0.94
0.496
0.5
0.4
0.86
0.9
0.572
0.44
0.828
0.56
0.7
0.696
0.616
0.856
0.496
0.584
0.46
0.504
0.576
0.48
0.452
0.696
0.78
0.696
0.56
0.464
0.508
0.652
0.624
0.816
0.624
0.684
0.756
0.604
0.48
0.88
0.66
0.472
0.628
0.484
0.412
0.436
0.616
0.712
0.432
0.656
0.772
0.452
0.884
0.592
0.736
0.476
0.8
0.524
0.556
0.644
0.592
0.44
0.516
0.696
0.472
0.508
0.676
0.552
0.668
0.604
0.852
0.6
0.668
0.804
0.56
0.456
0.636
0.692
1.008
0.524
0.564
0.448
0.396
0.656
0.472
0.408
0.572
0.48
0.652
0.44
0.448
0.684
0.78
0.416
0.664
0.644
0.6
0.504
0.492
0.44
0.428
0.46
0.744
0.496
0.764
0.82
0.496
0.408
0.444
0.58
0.76
0.548
0.652
0.832
0.64
0.488
0.604
0.824
0.796
0.508
0.508
0.484
0.456
0.68
0.456
0.74
0.5
0.668
0.46
0.808
0.696
0.516
0.556
0.672
0.588
0.66
0.728
0.48
0.588
0.564
0.448
0.46
0.692
0.4
0.38
0.672
0.612
0.428
0.452
0.44
0.564
0.72
0.508
0.516
0.424
0.456
0.476
0.488
0.472
0.668
0.468
0.488
0.676
0.828
0.608
0.416
0.416
0.608
0.524
0.524
0.408
0.396
0.424
0.568
0.496
0.416
0.404
0.484
0.424
0.42
0.724
0.532
0.432
0.496
0.82
0.728
0.556
0.492
0.684
0.556
0.936
0.86
0.54
0.42
0.62
0.452
0.396
0.736
0.708
0.636
0.46
0.452
0.656
0.436
0.44
0.556
0.54
0.728
0.872
0.572
0.64
0.576
0.5
0.636
0.636
0.548
0.772
0.672
0.616
0.428
0.708
0.668
0.464
0.452
0.632
0.456
0.452
0.672
0.66
0.452
0.448
0.668
0.7
0.448
0.548
0.512
0.576
0.64
0.512
0.668
0.544
0.444
0.696
0.536
0.536
0.724
0.572
0.432
0.424
0.436
0.548
0.604
0.648
0.7
0.564
0.972
0.732
0.568
0.384
0.464
0.656
0.58
0.452
0.452
0.556
0.46
0.464
0.612
0.472
0.432
0.736
0.648
0.464
0.428
0.576
0.484
0.452
0.692
0.692
0.508
0.612
0.512
0.46
0.484
0.648
0.664
0.432
0.664
0.504
0.472
0.624
0.792
0.456
0.4
0.764
0.684
0.716
0.684
0.64
0.452
0.444
0.724
0.444
0.492
0.428
0.728
0.732
0.508
0.68
0.564
0.728
0.532
0.612
0.684
0.828
0.708
0.584
0.652
0.704
0.54
0.632
0.528
0.432
0.396
0.716
0.54
0.484
0.8
0.424
0.64
0.624
0.732
0.728
0.56
0.452
0.672
0.576
0.708
0.664
0.476
0.616
0.444
0.672
0.968
0.548
0.448
0.548
0.492
0.44
0.816
0.812
0.784
0.608
0.472
0.492
0.66
0.644
0.504
0.756
0.94
0.772
0.808
0.572
0.576
0.588
0.632
0.444
0.452
0.8
0.464
0.664
0.644
0.676
0.704
0.612
0.548
0.548
0.676
0.68
0.508
0.44
0.64
0.464
0.428
0.608
0.56
0.548
0.444
0.672
0.756
0.824
0.724
0.524
0.448
0.548
0.46
0.424
0.436
0.76
0.496
0.652
0.564
0.896
0.56
0.456
0.428
0.86
0.488
0.716
0.836
0.644
0.412
0.64
0.572
0.648
0.468
0.948
0.504
0.452
0.704
0.604
0.54
0.592
0.632
0.508
0.428
0.628
0.7
0.412
0.396
0.56
0.816
0.82
0.528
0.5
0.452
0.428
0.48
0.816
0.532
0.688
0.58
0.832
0.584
0.464
0.716
0.516
0.412
0.456
0.544
0.636
0.652
0.48
0.784
0.576
0.448
0.684
0.592
0.424
0.396
0.688
0.432
0.484
0.684
0.82
0.436
0.432
0.428
0.532
0.72
0.752
0.504
0.592
0.676
0.492
0.592
0.864
0.588
0.436
0.864
0.5
0.648
0.876
0.616
0.648
0.768
0.744
0.748
0.744
0.76
0.928
0.56
0.432
0.396
0.4
0.428
0.628
0.748
0.416
0.612
0.692
0.612
0.512
0.372
0.424
0.644
0.476
0.604
0.468
0.54
0.572
0.652
0.484
0.536
0.604
0.612
0.5
0.564
0.432
0.528
0.684
0.524
0.704
0.74
0.584
0.664
0.78
0.456
0.412
0.832
0.46
0.412
0.452
0.54
0.576
0.584
0.748
0.664
0.46
0.6
0.5
0.708
0.876
0.528
0.436
0.584
0.548
0.468
0.456
0.432
0.66
0.556
0.404
0.436
0.636
0.66
0.484
0.628
0.6
0.412
0.648
0.476
0.424
0.48
0.448
0.46
0.432
0.416
0.376
0.452
0.452
0.752
0.884
0.492
0.656
0.576
0.58
0.628
0.624
0.524
0.472
0.748
0.408
0.412
0.52
0.516
0.58
0.504
0.628
0.564
0.528
0.62
0.48
0.528
0.564
0.46
0.488
0.508
0.452
0.728
0.556
0.524
0.608
0.512
1.032
0.46
0.688
0.548
0.78
0.444
0.504
0.408
0.56
0.42
0.588
0.752
0.524
0.548
0.612
0.508
0.424
0.504
0.524
0.524
0.54
0.716
0.472
0.496
0.488
0.64
0.596
0.4
0.412
0.464
0.6
0.528
0.844
0.464
0.488
0.56
0.468
0.704
0.748
0.48
0.476
0.416
0.684
0.488
0.536
0.704
0.44
0.4
0.472
0.756
0.628
0.556
0.412
0.492
0.476
0.692
0.6
0.484
0.748
0.616
0.596
0.696
0.528
0.576
0.728
0.592
0.472
0.5
0.744
0.48
0.588
0.488
0.632
0.376
0.636
0.464
0.444
0.404
0.788
0.664
0.636
0.74
0.512
0.672
0.432
0.552
0.6
0.432
0.408
0.624
0.456
0.556
0.468
0.736
0.428
0.464
0.596
0.596
0.468
0.708
0.5
0.608
0.504
0.6
0.448
0.732
0.444
0.532
0.472
0.628
0.64
0.424
0.708
0.488
0.404
0.508
0.552
0.652
0.48
0.736
0.596
0.588
0.452
0.436
0.828
0.556
0.632
0.5
0.5
0.42
0.4
0.744
0.764
0.416
0.816
0.484
0.42
0.604
0.556
0.388
0.396
0.444
0.796
0.456
0.476
0.732
0.604
0.456
0.624
0.472
0.636
0.644
0.468
0.432
0.4
0.396
0.648
0.476
0.432
0.672
0.528
0.652
0.428
0.36
0.58
0.472
0.556
0.452
0.396
0.408
0.496
0.244
0.732
0.536
0.692
0.424
0.48
0.468
0.592
0.612
0.776
0.436
0.468
0.84
0.536
0.628
0.464
0.56
0.812
0.684
0.624
0.48
0.464
0.588
0.616
0.484
0.472
0.66
0.52
0.48
0.644
0.472
0.704
0.936
0.552
0.524
0.636
0.432
0.42
0.688
0.46
0.476
0.632
0.472
0.628
0.5
0.68
0.628
0.56
0.592
0.616
0.836
0.668
0.492
0.816
0.492
0.464
0.456
0.46
0.64
0.5
0.7
0.452
0.62
0.648
0.76
0.5
0.428
0.628
0.744
0.528
0.444
0.704
0.716
0.472
0.704
0.604
0.696
0.42
0.632
0.7
0.468
0.4
0.552
0.464
